1.7464270028424602
-1.5906496347342745
-0.4483342539529124
-0.6313644899658614
1.6525545352868523
1.996613602314032
0.7676504149815713
-0.3914857951249725
0.2166934160899292
1.8536146606337143
1.5967764766383195
-1.6988963275278
1.174487607409109
1.1178533807471454
0.05487704515214939
1.685611549870208
1.494374054950346
-0.7052226661111081
-0.6487578728647667
-0.5191064951018716
-0.35992495064251784
-0.012873487961556929
0.6096402611464286
-1.8591329670219765
-1.7022889762489393
-0.9604477383125218
0.7051689430129178
1.1167452294257083
-1.0880810753509655
0.01356103938220134
-1.1396953389260585
0.5949351351886053
1.2324999591191501
-1.063786537746499
0.9029409285727704
1.1456640780319853
-0.5167708458837397
-0.6583088067953823
-1.2405410824019918
1.1060790450937799
0.42089909436008316
-1.1109945690219594
1.200758452101622
-1.5884046810449912
0.01764302421548265
-0.6149878119799641
-1.2177326050976665
0.11236845944599091
-0.06151652843836605
-1.6239995182256985
1.817315709587708
0.49441930451970545
1.7003986137446339
1.642819108065877
2.725471546561755
0.6923300916533193
-0.5890536643638937
-0.8835650121246222
-0.28251095864712233
-0.5101186993880257
-0.24530033013988123
0.5837308174111537
1.3458638439246218
0.7335950890822848
-0.17716080376084214
1.0420466393049976
1.1311309761852015
-0.6444669661976402
-0.5883431516083746
1.4351848020330504
1.883916771296002
-2.0770526228588686
-0.4328195001974891
-0.5513031731104113
0.4460048471372653
-0.7652158838555626
-0.3926984594759655
0.2909495543930143
0.32509841589120575
0.752636955650577
0.31824081318019565
2.459599640958438
-0.18015341607577587
-0.5913683089258536
1.3635074473461215
-0.9433173109027116
-0.028768584669842636
1.0044210364791482
0.5138887727186503
0.09423827577941293
0.6649715301371207
-0.607451556731341
-1.1210773022096665
2.6266821912385416
-0.7055513707469272
-1.7633905353452897
-2.477167486821672
-1.4437145121215442
0.839787201269027
-0.6843666236701921
