1.6961624907655202
1.1457662450988235
2.104707624483201
0.1290154711231903
-1.8378984288873552
0.17286324706586706
-0.8198085554017216
1.3834490050444266
1.0588228136124145
-0.6765766546182396
-0.5653332780934338
-1.1155437012665328
-0.9630919031443171
0.5765681960559422
-0.8078565673247633
0.37217098675702637
-0.9223452930049614
0.5137385193457616
0.6467280948139174
-1.2150106525610889
1.331239397730287
1.066971821394706
-0.4093877610456526
0.5917232423608203
0.7988150944371806
-2.4457307671178343
0.9525336672554139
-0.4277405305878126
0.5882677035249826
-1.1733877243008533
-0.30999936094361785
-1.0950599520669546
-0.14410677770705388
0.47569336664646794
0.7622927011253131
2.126803397148683
0.44569085698892114
1.211776568250967
-1.114573128527922
-0.516883455349015
0.612614875760129
-0.7919919946172264
0.21999833886198905
-0.25362309791185816
-2.30060252701
0.5543896775914824
0.8831897972201462
0.16021505147054046
0.1253499620731566
-0.33927122900442636
0.9864431111789135
0.7716802972007324
-0.4510613084684491
0.21811178060288045
-0.3233615891940722
2.7376197974103667
1.3751001613956635
1.6948420137513274
-2.5156390261620483
-0.057917826219475756
0.9141108562733542
0.8521458960328477
0.910160260181742
0.7976788923906732
0.1391594871630018
0.5320392901071643
-1.2630509169635076
0.3394822732074317
-0.30250437250558154
-0.11338269021855547
-1.5891177326290997
-2.9465500666646647
-0.6668559728380287
-0.5261926524694825
-0.09745134721810322
0.5064807515348828
-1.2123714281967026
-0.16808277612648728
-0.1364311921883038
-1.8340329530731625
0.9023145566353797
-0.6023926883504098
-2.432720140576534
-0.3408526781047835
-0.8584591188439138
-1.3794972040880895
1.4889363044845938
-0.7155372906539895
-0.6749059591131081
1.73774743815951
-0.8550192143033007
-1.1682373781419957
0.07891223332188628
0.09862082665923075
-0.42868584868167275
0.5317346376578784
1.8480113952998816
-0.30004830271998584
-0.3395024160956871
-0.09122069371131271
