0.2823718602117332
1.3502743439591318
-0.9638714239130266
-0.08538896995252608
0.8278529662977563
-0.9523999639679686
-0.2919117842284795
1.2703768842839103
1.3966872181174002
0.04426630863971375
-0.7032841439924113
1.7715526668722985
-1.1749257203168921
0.6674189602215264
-0.4872510639077201
0.8880336909864635
0.3114358510648937
1.1853644689042808
-0.8129012121372348
0.3339679260127659
0.9207335340816473
-0.4448882398006074
-0.8081807685232653
-1.5108402590101933
0.5216053503247797
0.5316685444817425
0.7555646809814643
1.1777024681548607
0.8297809132856155
-1.4381381862946696
-0.4282777902468967
-0.23898875185185067
-1.489556427613925
-2.3821165896149674
1.0203279048353924
0.0333433952829491
-3.02782827867681
0.672053438062049
0.3109924769715084
-0.07203119108817
1.9988786806912962
-0.46594118989803834
1.7704688318847033
1.149615223522789
1.4222734687194996
0.880829578663006
-0.5288831743195596
-1.562536300073676
-0.8801150948280443
0.7483113393347426
-0.012169832872176255
-1.232122938987385
-0.030540601208876094
-0.32394601099135256
0.9981910853770439
-1.9560032319952216
0.8673305864931491
2.381908389043958
-0.2564107185941577
-0.678330620274509
-0.08625070090466616
1.00583542721462
-1.3637834385683005
0.9426775574751403
-1.53687127835563
-2.634676486200907
-0.022486636625629025
-0.26957625539208063
-1.3607825859395262
-2.2360695782185545
-1.5402047634281018
0.5170399540546224
-1.5727766664598717
-0.15530420017852695
0.9754330577056641
0.03420225120446974
0.9621168026745394
0.08200297105249821
1.1742279785689909
-0.7045924262677565
0.5126331300777885
-0.7528831908177239
0.7173552057660981
0.2251402122248545
0.3311781463708828
-1.2752944531954098
0.603035275661968
-1.8743538408321585
1.2848450808899206
0.4262234070345181
-2.0247013226609445
-0.7626899557105766
-1.7132251683038067
1.6172810351845008
0.8365794879260736
-0.06399824190586473
-1.135636349754326
-0.6497137436827355
-1.0773676376434085
0.6043476823807543
