1.949401287496788
1.491421957180497
-0.31689512110068774
0.22004342158188667
2.6533555890515808
0.713410243850374
0.6794450405088862
-0.6392745811253819
1.3990864592369996
1.8264649206544579
1.150403374899161
-3.056773113565082
0.004499460785705289
0.6971276605064867
0.6357328220905404
-0.5392596180241935
-0.5727992087418734
0.9508137791879991
0.7531476778140224
0.7056140261111997
-0.3142886756699588
1.3701919091121444
0.46785476296820694
-0.9783307883300056
-0.29059350645598236
-0.5632066655677637
-0.509162507484096
1.4402913898452279
0.8695910215877234
0.019060193574879758
1.079633005549857
1.5657861540040456
0.45029482873013355
0.6701337218481758
0.896688989982868
1.5252742163708586
0.17140884585265204
0.8327807697883993
1.1809502488064552
0.8593937344737065
-0.2239223818302808
1.9512982124183622
-0.53362793006169
-1.3738281669353234
0.16555711550975927
0.672099156606328
0.7149777162981032
1.1858310854188057
0.34969878640803864
0.6244246121702695
1.6680569538061145
0.26137392341287596
-0.39458656259971936
-1.917471530202946
0.5112832984567528
0.3711138368500585
-0.6715598818065771
-0.3441103120396821
0.924500781957784
-0.9813465571951576
0.8806196930949534
0.278452795166459
-0.189114549322683
1.8514483528108412
-0.518373652868408
0.10373207330094075
0.22048199596957313
1.5218168416121274
0.01897212284931804
1.994411260972842
1.2577397426808947
0.526016545629531
-0.18266529166924017
0.9529203557937417
1.1988637957620973
0.6917251351738432
1.021821562267002
2.993142292038015
1.4166753981093692
0.49440076875943567
0.258482659280905
0.9528604931537559
0.5391611270247024
0.3117949004394388
0.2238206973369623
1.0909405483093813
-0.15885926461429778
-1.5187521881433903
-0.7430732999196603
-0.2574302795496841
1.836734194292269
-0.9373194950747281
1.97331666039935
-1.2160584779363446
-0.4400116718033241
-0.042666817886470754
-0.5026152027152502
0.7980584743374679
-0.9837571060612169
1.2236336406640753
