-1.3431239034630855
0.9040572701679346
1.4756102387909942
-0.8195948500529973
1.376786694561026
0.42249479561567893
0.09893851760064287
1.179939918323973
0.3526254324640049
1.2995114418736826
-0.23992316833891758
3.5557187656061475
1.330454997380758
2.0797670622038336
0.03838455144953146
1.689977020329252
0.9335622955911148
0.992142722236298
1.669473041345478
1.4073921141628116
0.2028848471708713
0.719420591683992
1.4442194110773596
2.35445821307433
-1.184586979670378
-0.20849594864012877
0.5564452347761801
0.9507043860183029
1.816505062271751
1.0283764562451911
1.2686944907859599
2.137918478565548
0.5741737291249529
2.5808201469920355
-0.05172642935052196
2.6667331618946464
0.11469099693888452
2.4025446705279307
1.643410415611168
2.1228588475435233
1.7083620556958832
1.7602167926018653
1.399406980986206
1.2926656948130266
1.9469847264140676
-0.41425289373800656
2.454728391836208
1.4635074874714429
1.7740694935145238
0.6914040948578595
0.5690980320026832
1.7152539508384317
1.6894388004366854
2.0125996731934577
1.6018583965932953
1.427098521232287
-0.7494299941489666
1.7862717005493964
0.8523686571334664
2.1544710338431488
0.963761119969715
1.157288598870108
1.9354075180802996
0.012153385238074077
0.5024793320589971
-0.6616780260959629
0.8780330801733025
0.6348594752066476
0.5434465055613575
1.9502926258392563
1.2208369471275593
1.4124343244382154
0.8164767245599422
0.9240249286051196
0.339424568950646
0.5533393132745663
0.792711246706779
1.102613604143775
-0.5968101300766115
2.088864764300439
-0.16929849905417926
1.9662778013206779
2.080837540596409
0.09542902406798548
-0.03260311772637814
-0.2876609026077499
0.038290926123044966
1.0566192558912928
2.097082747187801
1.5748737934356996
1.4293945342082006
-0.36896698684650886
1.5933618551793298
2.5240563139543015
1.4581646390411533
1.396709035516866
1.8506243588987465
1.101541683971434
1.5572583372076667
1.6154191337913213
