-0.900052601155776
-0.2849672378310809
-1.7249562232771765
1.575216135924964
-1.5650642121872544
-0.13406617359237943
1.2314379616930928
0.5610431211718787
-0.22455960169726824
0.2857874122710061
-1.0501421450712098
1.481784707946038
1.080680050993081
-0.4682039098346838
0.02227577630985411
-0.23557257061372366
-0.3577318190541242
0.1644137073642591
0.6871859371332394
-1.525718615337424
-2.2146849754926503
-0.33421980851456257
1.1985246762428083
-0.2004893488935675
-0.7121872973759726
0.7524956001823246
0.3401849956391414
1.3862858432196168
0.38526053572896146
-0.47436165635329963
-0.5728070755360126
-0.04183756001391492
0.6900263758398879
-1.3886456965490481
-1.179858373999124
-1.2151738197365773
0.16166215288759256
0.9792642266383429
0.9851391599816326
-1.3607412514206243
-0.537490815702947
-0.47164054474506284
-1.7660917807391319
0.1679252051514235
0.16415169834879328
-0.5687791072820584
-1.648620075266483
-1.3685325408740359
-0.47287043267643564
-1.8542190151723423
1.4382386787715626
-0.8879904261732776
-0.543578836703887
0.8732349763967118
-0.3388429318385417
0.45987592547711154
-1.0761559078097331
-0.7114715662029443
-0.3193935522548715
0.13460234968036366
-0.9762254065660543
1.4463510625490796
-0.4600612330127572
-1.1124420362001435
0.3760661626302376
-1.5425545344331195
-1.8239438828426162
-2.099882421528316
-0.9417510491027682
-0.46587473976573995
-0.9539491846389124
-1.6830968680250968
-1.333922416874024
-1.9716972153846433
1.7829902763397567
-1.3760824517423442
0.8784356776357449
-0.6420125826158607
-0.8670146114662423
-1.4229569539329434
-1.2421219731010373
0.2120186753265152
0.013490084379490952
-0.607730635439871
-0.39364053548324696
0.9866135030485854
1.2327584051036224
-2.6659094640364907
-0.4837455729106538
-0.34858024459703596
0.12938460081652503
-0.2803874411954362
-0.13229539263055912
0.32609997701577276
1.237712207987909
-1.6539799512730031
-1.851005817595856
-0.18802794058929467
-0.693229044650128
0.2878102714399955
