-3.1475728792478685
-1.2004884505349316
-1.1450958993987008
-1.608123182449361
1.0068434718889598
-0.5509665510236712
1.6048416165530708
-1.3750195707260027
-2.744876744056911
-2.049917124446171
1.2550080653302276
-1.6903828191236094
-2.9957806496720973
-2.0723314387962977
-1.5599753123470521
-0.514072142467581
-1.5071543787178432
-2.613527870414406
-0.4662275504906863
0.2677225889226291
-1.779172275106466
-0.7816900612423743
-1.9672223731096015
-1.9470876409566724
-2.165135561653609
-1.2603229229198578
-1.878602786492502
-1.1925576823640176
-0.6022324367971015
-1.6018250487198937
0.2267932299681108
-1.4570637384699228
-3.399375202669559
1.067064803052911
-0.4174853178264982
-1.2285916331982314
-0.6162182974363778
0.8601163863641992
-1.3798698401127016
-0.41690639206768787
-1.7388510191844313
-0.7078726037396339
-1.8482298078584831
-1.1853492293376653
0.5076707154745619
-0.2502569366019928
-0.9190280189712341
-0.8466315439695662
-1.9603736751337046
-0.9684386000137132
-1.3886713647302515
-2.7739023621839882
-0.876571655520662
-1.2583939447048413
-2.9742933002284815
-0.502084820153673
-0.7729410651173974
-2.1346790720386553
-2.830501330600465
-1.132709535767709
-0.510496545407815
-0.2230464720875246
0.4066230229624592
-1.249979625294329
-1.2605158008295279
0.5855394978661259
-2.109630497160758
-2.259478255788099
-1.2899588770595793
-1.1780164123141885
-1.104871387703544
-1.259190709321147
-1.5444057801495312
-0.6662969773100799
-0.45862176818949874
-1.2888990927179982
-1.3464054636049558
0.021975508800736954
-0.3103283043326678
0.05629854824786551
-0.6739983619689578
-1.1161665498052817
-1.7432129369395999
-1.322204125673845
0.4538019053550588
-0.21130968083175994
-0.5723985591071615
-1.665234439046095
-1.6565727193964297
-0.1581358808910336
-1.9158165824300597
-1.2234105267752005
-1.2446234975736148
-0.18407381792659372
-0.9356978666901996
-2.4304280876541524
-0.7067824320713461
-1.4366874757999721
-0.2414371760144941
-1.3644390336817762
